xxxxxxxxxx
0000000000
0000000000
0000000000
0000000000
0000000000
0000000000
0000000000
0000000000
0000000000
0000000000
0000000000
0000000000
0000000000
0000000000
0000000000
0000000000
0000000000
0000000000
0000000000
0000000000
0000000000
0000000000
0000000000
0000000000
0000000000
0000000000
0000000000
0000000000
0000000000
0000000000
0000000000
0000000000
0000000000
0000000000
0000000000
0000000000
0000000000
0000000000
0000000000
0000000000
0000000000
0000000000
0000000000
0000000000
0000000000
0000000000
0000000000
0000000000
0000000000
0000000000
0000000000
0000000000
0000000000
0000000000
0000000000
0000000000
0000000000
0000000000
0000000000
0000000000
0000000000
0000000000
0000000000
0000000000
0000000000
0000000000
0000000000
0000000000
0000000000
0000000010
0000000010
0000000010
0000000010
0000000100
0000000100
0000000100
0000000100
0000001000
0000001000
0000001000
0000001000
0000001100
0000001100
0000001100
0000001100
0000010010
0000010010
0000010010
0000010010
0000011000
0000011000
0000011000
0000011000
0000100000
0000100000
0000100000
0000100000
0000101000
0000101000
0000101000
0000101000
0000110010
0000110010
0000110010
0000110010
0000111100
0000111100
0000111100
0000111100
0001001000
0001001000
0001001000
0001001000
0001010100
0001010100
0001010100
0001010100
0001100010
0001100010
0001100010
0001100010
0001110000
0001110000
0001110000
0001110000
0010000000
0010000000
0010000000
0010000000
0010000000
0010000000
0010000000
0010010000
0010010000
0010010000
0010010000
0010011110
0010011110
0010011110
0010011110
0010101100
0010101100
0010101100
0010101100
0010111000
0010111000
0010111000
0010111000
0011000100
0011000100
0011000100
0011000100
0011001110
0011001110
0011001110
0011001110
0011011000
0011011000
0011011000
0011011000
0011100000
0011100000
0011100000
0011100000
0011101000
0011101000
0011101000
0011101000
0011101110
0011101110
0011101110
0011101110
0011110100
0011110100
0011110100
0011110100
0011111000
0011111000
0011111000
0011111000
0011111100
0011111100
0011111100
0011111100
0011111110
0011111110
0011111110
0011111110
0100000000
0100000000
0100000000
0100000000
0100000000
0100000000
0100000000
0100000000
0100000000
0100000000
0100000000
0100000000
0100000000
0100000000
0100000000
0100000000
0100000000
0100000000
0100000000
0100000000
0100000000
0100000000
0100000000
0100000000
0100000000
0100000000
0100000000
0100000000
0100000000
0100000000
0100000000
0100000000
0100000000
0100000000
0100000000
0100000000
0100000000
0100000000
0100000000
0100000000
0100000000
0100000000
0100000000
0100000000
0100000000
0100000000
0100000000
0100000000
0100000000
0100000000
0100000000
0100000000
0100000000
0100000000
0100000000
0100000000
0100000000
0100000000
0100000000
0100000000
0100000000
0100000000
0100000000
0100000000
0100000000
0100000000
0100000000
